100 25
5020 1004004 500 0 40100000 40000400 81000000 100 20800 8000040 0 0 200 10000 4 100000 204000 20 10000 44800080 2010 0 28000000 10008 804000 200088 40010 0 0 0 80000080 1802 0 4000000 2200000 0 0 4801 2002 808000 0 0 0 200 20000000 12 0 0 0 8 60 20000800 0 200 2200 100000 20000000 80010 2010 4000018 2000000 8000012 40020040 400800 0 50000000 1028000 880 0 40400200 80000 24000010 10040 100000 0 20 8000 240000 0 0 0 9000000 10 40 400000 80004 0 A004000 0 840 4000 40000 2002000 40000000 0 2000 80018000 401 1000 800000
25 90
90 97
2 48
70 94
18 53
45 61
71 86
13 38
20 25
14 67
17 75
12 94
65 72
4 96
29 58
42 46
24 40
3 11
37 65
41 53
14 35
36 93
5 90
44 79
51 93
