1000 100
0 400 0 0 400080 840000 200200 40000000 0 10 0 0 402 0 0 0 2000000000 400000 200080000000 0 80000000 0 200010000 0 8000000 0 0 2 0 0 0 40020 400000000800 0 0 4000000000 400000000000 801001 0 400 0 0 100000000000 0 0 8000000000 0 80010000 400000000 0 8000000000 10000 0 0 0 20000000 0 0 0 10000 100010 0 0 0 0 0 0 0 2000000 40 0 0 1000000 40000000000 2000 200000 20 80000000000 0 2000000 0 0 280008000 0 0 0 0 8000 800 0 2000000000 0 100000000000 1000 0 0 100 0 800000000001 0 22001000 0 0 4000000 0 10 0 0 0 0 0 0 10000000 0 0 0 404000 100000 0 8000002000 8000000000 0 0 0 0 40000020200 0 0 0 0 0 0 0 10000000000 200000000000 20 0 20010000 2002 40000000 40000 40000000 1000 0 100000 0 0 0 1 1000000 200 0 40000082 204000000000 0 0 0 0 200000000014 0 0 1000000 C0000 0 0 400000000040 10000 0 0 4040000000 0 1000 0 80000000000 0 2400000 0 20 0 0 80008000000 8000000 40000000000 4 0 0 0 40000 0 0 20 0 1000000000 40010000 200000 4000000000 0 0 2 0 40002000800 4000000000 0 4000 0 0 80000 40000000 100 10000 800004000000 14000000 8 1100200000 8400000000 0 100000000000 0 0 0 1000000002 800000 0 0 0 0 0 80000000004 1000 80200 100000000000 4 80000 20000000 2 100000000000 0 0 0 100000 80000 20000 0 0 14000000000 0 0 400000000 0 4000 10000 0 0 0 200 0 40000000 8 0 0 1000000001 0 20 100000000 0 0 0 0 400040000 8000000 40000 0 0 100 0 84000 0 0 4000000000 0 40000000500 0 600 100 0 0 0 80000000 0 400000100001 8 0 2000000000 100000000 80000 2000 0 100000000 10000 800 2000000 40000 1000000000 0 0 0 220000000000 0 8020000400 0 0 0 4000000 0 10000 0 100 8000000 0 0 10000000 800200000080 0 2000000000 80 0 200060000 0 80100000000 40000000000 40 2 0 80000 200000000 1000 0 8 0 1 1000 808 0 800000000 800 100000000000 0 2000000000 100 80 100000000000 10000000000 0 0 0 20000000000 0 0 1 10000000 0 0 20 200000000 20040000000 400000000000 0 0 80000000 0 0 0 1000000 0 0 80000000 0 0 4000000000 0 200000000 0 0 0 10004000400 400 200000000 0 0 10000 0 0 8000000 200000000 40200020000 0 400000000 800000000004 100 2000 400000 0 0 0 8000 80 20000000 0 10000000 0 0 0 0 0 0 4000000000 0 0 200040000 0 400000000000 0 104 100000000 20000000004 4 0 80 0 0 800000000000 400 0 0 120000000000 0 20000000000 0 8000 0 80000000000 40000000000 1000 8000 10000 8 2000 80000080 14000000008 0 40 40000400 0 0 0 100000002 0 0 4000000802 1010000000 40200000000 80400000000 10000 8000000000 0 280000000 0 100000040 0 0 200000 A00 200 0 8 4000000 180 0 0 0 4 0 200000100000 0 0 100 2010000000 0 10010 0 0 A0000 200 440000004000 0 0 0 0 0 0 0 400000000010 200000100000 101000000000 4000000000 10000010 40000000 20 0 400000 10000 200 1 0 400000000000 0 0 804000000 0 0 400000000 40 0 20400000 2000000400 0 0 0 20000000 400000004000 1 0 20000 1 100000 400 0 0 8 0 8000000 440000 80000000000 40 0 0 0 2042 4000002000 10000040000 0 0 400000000 4000000 0 20000000000 100000000000 C0008 100 10 0 0 0 2000400 0 8080 40 400000 0 0 0 20000000 40000001000 1000000000 0 0 80000000000 0 0 10000000800 0 1000000000 0 202000000000 80000000000 10000000 0 8000000 800000000000 2000000010 0 0 800000000 0 200000000 0 0 0 2000000000 1000000000 40002000 0 A 40 0 800000 0 0 0 0 0 0 0 0 80 0 2200 0 0 800000 800 8 2 0 20000000 1 0 800 200210000 2080400000 0 0 0 0 400000 0 8 0 200000000000 0 0 0 800000000 800 2000000000 0 0 0 10000 0 4000000000 1 8000880 0 0 10 C00000000000 2000000004 1000000 0 0 100000000 0 0 0 400000000000 0 400000000200 8000000000 81 40000 2 800000000 208002000000 8000080 40000 0 200 80000 8000000000 0 0 8 0 0 0 200020000800 0 0 8000000010 0 8000 0 0 10000 0 0 0 0 20000 0 200 80000200 8000000000 0 0 0 0 2000000 40000 0 800000000 400 100001000 20 0 0 0 8 1000 820000000000 0 0 0 2 40000 4000000 0 20000000000 0 100000008000 1000 0 0 4004000400 4000 210000000 1000 0 8000 0 1000000000 0 100 400000000000 40 0 0 800000000 400000000 208 0 1 400000 0 4000 1000000010 0 800000 800000 0 0 0 10009000 200000 2000040020 20000000000 4 1000000 0 0 0 0 80820000 20000 400000400000 101000 0 0 800000000 1000 0 8000000088 0 40000008 0 8000 200 200000000100 800000 0 4000002000 1000000000 0 0 800000000000 8000 0 0 40000000800 0 0 800 20000000000 0 80000 800000001000 20000000 40000000 0 0 1002000 0 0 0 0 0 0 8040000000 0 1 10 0 800000 200000000 0 0 10000000 0 20000000000 8000000010 0 0 20000000 0 8 100080000000 0 0 0 400000000000 80000000000 0 400000 0 0 800000040000 0 40000 0 0 0 0 10000000000 0 0 4000 100000400000 8000 0 0 0 0 0 800000000020 20000000010 0 40 0 10002000 0 0 8000000000 400000 40000000000 2008000000 0 0 40000000 0 0 8100 200 2000200 0 8000 0 10000000000 0 2000000 2000000 1000 0 0 2000000 110 0 0 0 0 4000000 0 0 1000008000 0 4000000000 0 8 0 0 0 0 42000 20000 10000 0 40 0 0 200000000 0 1000000000 0 0 0 0 1000008000 0 0 1000000000 0 0 400000000002 0 0 0 0 800000 0 0 0 400000000000 1000200000 0 8000000 0 0 80011000000 100000100 0 0 0 400000000000 0 800 0 0 1000000000 800000000002 0 0 20000000000 200000040000 0 40000000000 200000 0 0 8000000A 0 20080 4000000 0 0 80000 4000000 0 100008000 400 20000 0 200000000011 1000 48000000200 200000000000 0 200000000000 0 300000 0 4000000004 40 0 0 0 20004000000 0 40000000000 0 0
501 537
508 530
303 680
698 929
395 891
290 737
596 725
222 636
331 607
279 972
618 740
325 914
511 894
474 994
402 987
698 812
414 516
570 836
553 560
154 323
164 992
376 845
308 701
37 604
353 907
173 848
211 249
339 654
298 299
234 690
182 844
559 959
17 423
379 946
570 614
667 858
190 704
138 532
199 853
893 968
398 516
828 875
811 889
324 777
10 849
426 544
297 863
402 888
553 959
494 797
92 265
93 739
291 849
250 485
179 806
790 971
481 646
469 507
523 780
262 669
278 814
367 517
127 334
101 742
22 235
424 578
650 960
178 638
392 811
232 682
644 846
381 643
73 182
55 524
5 712
698 710
265 370
57 405
185 462
303 509
417 650
54 61
138 643
291 983
515 913
246 850
159 638
722 779
262 858
528 556
6 599
299 498
288 358
522 802
111 609
501 843
598 638
588 811
35 970
168 407
