100 1000
-919 -113 159 -461 379 308 -774 -978 -307 867 738 225 919 -754 92 95 -921 -119 105 646 938 -549 -782 -89 572 -83 -92 -116 491 670 795 -424 382 926 -297 429 -234 932 437 146 921 -885 -348 232 774 936 -55 550 -958 -896 871 -173 639 236 883 -199 531 -418 539 -908 814 700 836 -316 -912 128 -356 -401 -745 234 -812 -51 986 346 981 -886 -288 -765 -927 45 638 900 584 -590 -241 -351 117 -248 515 -423 -369 -823 -711 -969 226 486 537 717 931 465
2 48
35 67
42 77
23 70
90 97
82 88
26 31
56 91
30 88
46 95
24 81
6 79
0 99
20 37
61 77
19 70
49 67
0 49
11 62
4 78
62 65
14 90
8 81
31 88
34 69
28 83
40 60
11 99
3 49
24 47
59 93
38 51
87 92
5 35
1 46
62 73
15 58
83 94
44 67
77 82
0 96
7 27
30 60
16 19
9 49
9 95
16 60
56 97
36 56
10 61
0 26
26 81
44 94
6 48
63 89
17 70
0 44
5 70
39 47
25 81
50 78
43 50
15 64
50 88
33 38
45 58
43 54
32 81
28 31
18 79
8 16
11 13
33 69
20 46
39 61
44 51
10 45
0 6
23 28
9 32
54 84
47 89
5 90
1 90
41 58
10 67
22 44
23 64
27 62
8 85
33 56
22 70
62 87
7 42
1 56
37 56
37 95
45 80
56 69
3 77
82 89
40 73
26 70
29 72
16 52
0 67
0 86
50 55
39 87
40 87
18 67
36 89
9 46
6 69
7 97
64 94
30 81
72 78
40 52
29 76
37 60
5 94
53 55
38 55
2 19
23 89
6 59
10 87
23 88
44 70
50 84
12 48
7 20
53 82
47 74
24 74
10 97
76 84
51 64
37 82
48 56
20 60
44 98
88 93
34 38
2 95
47 96
45 84
39 88
49 73
15 80
23 60
16 58
6 62
72 87
29 82
2 80
17 20
3 12
9 28
33 93
36 71
2 44
25 93
84 91
40 69
32 77
6 87
25 79
19 64
46 49
17 95
11 72
15 51
39 49
25 92
55 62
3 62
26 51
51 92
74 95
8 96
61 66
55 77
39 56
19 52
10 55
1 16
20 94
44 46
54 58
62 93
82 83
55 57
84 85
16 61
5 44
5 38
36 94
15 86
19 42
11 69
19 31
29 84
82 84
2 64
28 54
96 99
17 97
16 35
6 66
76 94
53 89
48 67
9 84
69 82
33 88
34 82
18 94
2 90
28 65
2 21
47 94
12 72
36 80
28 64
58 76
26 92
1 93
23 67
8 63
35 79
30 67
22 92
10 83
13 44
68 69
28 87
57 58
38 80
56 71
15 77
1 13
10 37
39 95
25 91
3 70
10 36
69 75
28 35
10 52
35 48
85 93
22 78
35 51
29 40
87 96
16 83
28 39
44 97
10 21
37 50
76 92
12 80
59 86
41 56
67 77
4 61
70 94
6 80
6 23
39 91
3 21
90 93
53 57
53 99
5 33
10 65
62 79
58 66
43 68
6 52
5 88
15 89
41 92
6 67
54 95
18 39
19 77
41 57
40 66
73 82
11 48
32 98
63 99
38 89
8 49
4 88
3 84
34 76
65 73
20 34
35 62
61 88
55 97
25 96
91 96
27 37
40 74
56 92
38 54
6 18
9 71
20 51
53 96
5 23
46 51
48 80
72 81
68 82
3 23
13 48
3 80
49 65
50 87
21 99
19 79
23 66
8 93
60 79
14 48
31 34
35 92
73 79
50 59
14 20
75 95
8 79
74 90
91 95
61 98
29 52
16 55
53 75
62 78
31 37
23 76
14 39
30 72
61 95
28 61
65 67
47 88
4 14
62 84
58 79
18 30
7 95
18 45
33 53
86 87
11 85
0 8
38 61
1 58
15 34
6 19
36 85
30 37
43 97
49 59
17 39
17 54
58 72
57 83
27 79
80 90
25 46
7 76
70 83
22 52
59 76
70 80
20 62
24 60
33 37
28 37
61 97
20 67
49 83
88 96
46 64
22 85
30 99
9 45
18 80
78 80
10 73
4 81
58 77
5 39
22 53
24 38
41 86
8 62
36 38
34 68
48 96
26 79
30 80
88 89
50 86
15 24
39 65
40 75
12 73
90 98
50 79
27 55
51 83
4 68
31 52
9 24
28 82
24 70
43 85
6 10
22 32
46 50
8 15
6 11
28 57
14 85
4 13
19 20
66 71
78 99
22 73
17 90
55 63
71 72
22 76
0 60
1 70
24 57
9 85
37 40
40 42
37 92
7 83
1 53
72 89
1 94
66 85
85 95
8 59
4 80
85 91
19 66
30 97
35 43
61 71
2 62
15 36
12 35
11 12
66 76
61 94
41 98
0 57
63 77
63 96
0 94
11 96
6 40
37 53
47 69
13 49
48 91
41 42
54 86
18 31
3 78
25 66
4 63
26 98
14 28
16 66
46 58
50 85
9 79
17 92
33 35
26 37
23 33
26 73
45 79
7 24
22 61
53 71
73 83
81 98
24 62
57 85
16 41
24 98
21 98
22 57
75 98
33 52
12 64
13 59
6 29
51 62
17 47
13 58
68 78
12 44
17 45
1 21
6 50
55 92
66 74
39 90
37 75
42 56
17 67
3 34
12 16
25 60
11 89
10 51
75 81
58 84
76 78
82 85
10 66
43 46
20 49
95 98
42 88
26 46
64 76
39 48
46 98
25 98
12 33
11 35
26 97
33 85
37 90
68 75
12 23
55 70
10 77
45 89
27 88
28 50
32 56
11 70
42 46
32 44
16 22
18 70
19 38
35 90
71 85
17 72
33 61
11 32
94 99
5 14
55 85
25 95
15 33
34 99
9 50
41 44
39 70
8 11
74 93
5 9
31 62
13 63
15 87
0 13
14 63
4 11
26 59
7 61
55 73
32 96
3 5
54 80
3 90
42 94
1 20
26 78
49 74
80 97
58 92
51 73
74 98
18 89
53 62
22 40
17 62
70 77
27 48
13 93
43 56
35 88
32 34
2 54
2 66
7 52
70 72
7 69
36 74
35 60
85 92
32 83
62 88
5 57
21 41
12 45
44 66
71 80
1 42
8 32
35 50
97 99
14 72
43 58
21 37
79 84
1 55
7 72
36 44
8 38
63 78
28 91
12 40
26 87
9 11
4 60
46 53
1 59
79 86
11 22
40 88
21 39
20 39
13 68
48 61
15 56
57 69
50 92
18 72
20 85
7 22
24 88
30 96
3 52
1 11
16 31
18 62
47 71
33 90
22 36
11 66
42 68
0 12
8 27
28 53
70 98
0 50
11 51
33 49
3 50
55 87
55 89
2 89
19 34
13 65
23 31
10 35
25 80
36 46
56 99
28 33
74 91
78 88
6 54
64 84
37 74
61 64
12 66
30 90
51 60
59 75
13 82
70 87
46 60
42 75
10 84
28 68
41 66
70 88
6 16
0 59
9 67
38 78
24 85
56 94
30 33
44 64
15 43
11 90
8 77
25 68
79 87
11 24
55 81
13 74
17 69
14 98
82 92
64 88
26 82
15 48
38 64
16 71
8 72
57 65
23 45
31 89
12 95
19 21
14 32
39 74
15 94
11 83
10 58
38 43
37 70
18 64
9 12
24 73
83 91
24 99
37 39
32 76
22 27
86 90
63 72
26 27
1 75
10 43
18 50
39 43
31 84
63 68
44 74
0 45
43 49
27 52
33 45
10 81
16 93
19 81
44 52
4 39
18 21
34 93
21 59
2 50
24 83
45 97
37 63
52 57
12 82
37 83
19 56
47 98
19 40
32 89
11 42
26 33
19 35
45 50
1 34
38 56
20 92
27 84
46 73
9 52
88 95
6 83
23 25
6 75
23 46
22 56
37 99
46 65
2 88
43 90
16 18
76 95
29 38
29 31
16 80
17 48
84 96
5 69
47 67
9 68
17 61
16 33
14 43
71 81
0 69
47 77
0 84
12 24
4 86
18 54
0 65
54 64
11 98
41 48
37 89
26 93
24 41
21 29
26 40
23 97
40 57
26 35
1 98
35 39
68 88
13 28
37 59
18 73
9 92
9 43
29 58
28 40
49 94
72 88
78 82
67 90
72 96
2 87
34 48
82 99
54 94
4 74
19 39
32 50
33 62
18 90
3 18
16 70
3 99
44 47
33 46
56 95
19 30
44 57
37 47
4 50
24 94
60 94
17 78
19 89
4 69
8 74
48 99
60 67
52 93
34 45
31 33
3 39
44 65
43 96
3 95
62 76
48 75
15 74
34 91
20 38
26 49
56 67
19 92
52 95
0 89
34 36
7 63
15 52
1 91
16 23
68 80
2 38
15 37
81 84
35 78
4 70
2 28
16 38
15 42
8 22
13 52
4 30
28 69
2 32
10 40
75 82
21 32
63 79
31 38
6 70
18 42
27 35
25 83
56 88
67 96
15 79
36 49
33 81
77 92
31 39
37 94
38 66
67 99
33 60
44 69
21 63
14 86
69 79
27 30
25 50
4 55
4 26
37 69
12 26
9 29
23 42
50 58
52 98
68 92
18 66
34 66
52 68
31 59
31 35
78 79
44 77
38 48
5 37
34 53
0 14
86 98
59 81
19 45
87 99
21 38
11 50
5 49
61 65
63 98
76 82
47 87
51 84
21 97
28 51
1 89
69 83
15 95
56 58
22 46
23 62
5 91
38 99
10 80
24 75
59 64
37 64
80 98
9 88
33 40
53 77
79 83
14 35
17 59
59 71
29 47
40 56
8 61
