50 100
10 16
19 44
3 4
11 23
31 32
46 49
11 37
20 42
17 24
21 49
11 39
19 38
9 22
21 23
7 35
42 44
19 41
15 48
11 15
3 6
20 35
10 33
10 14
18 26
27 38
3 13
11 27
4 11
13 22
31 41
14 38
18 38
39 41
4 39
26 34
11 17
15 38
2 41
46 50
41 45
22 24
44 46
22 25
36 43
30 48
4 47
17 46
14 36
1 29
16 43
13 17
22 39
35 49
43 45
9 42
34 50
27 36
2 10
8 35
21 48
12 29
3 35
22 44
12 47
29 39
11 43
10 30
9 33
7 22
34 36
18 24
28 45
7 9
4 19
10 44
12 22
25 30
9 45
1 11
37 48
37 46
7 25
44 45
9 40
3 30
11 50
16 35
14 30
3 5
19 27
5 26
22 23
40 41
22 49
20 40
13 40
15 21
33 42
2 34
4 15
