100
565584138 705266447
110489664 241023481
377221840 737309857
659916420 960019812
611222289 823459161
306178063 689255323
157680346 564254266
565407225 783109322
348454943 388439668
537307046 916331037
99949650 553731696
60327577 286148463
462577584 930776534
299655562 446887216
535370165 543721448
151615085 339837686
640928807 641029048
539847466 873582286
40357170 94385065
123551756 721506349
173642457 178978365
646121487 736708894
295884774 482478355
242669268 265830205
624717219 745725464
156610977 635093799
468764421 732423039
683578121 975526417
214077241 265718259
142697828 203160023
356893098 433395661
736326655 843642294
102840125 334961356
36218742 522381065
745697079 951542398
633799719 770842537
178837640 569526512
757873546 797505718
28594663 986974677
544014851 810794142
16053680 254092412
223366593 434905435
471377409 874635531
223607177 512429684
291523784 970318521
211972295 376941451
491336105 895782975
759996225 974765864
200608576 988288620
443174796 520722673
418224494 974890840
219780339 324093751
189801891 261424890
585322878 712045826
310560512 462087262
531677807 837433707
594009852 723944323
75451255 839115340
76651235 913286520
258389606 927312445
402253746 800079405
196002295 794075254
823489095 843780852
282858755 580054292
829708553 855669386
501266259 539850025
26524749 166002063
834216369 875438283
769327068 936393248
403609340 773955711
213324440 781436643
563166020 976766187
270184040 852534783
108722346 618720758
305821006 356846258
140589673 623528242
445862396 611324645
461418084 869263938
610263211 718400913
584437 482661086
418018428 751599578
563604771 982607776
133438795 152684814
50717205 852415643
318047637 414384045
403173894 951356434
877035587 909695964
18663519 753810406
525806053 545269559
719731858 912387725
138167319 560128134
17342853 80816163
77553598 388869927
319172391 628666367
245964288 321993903
654679016 996083537
37275494 742992160
412198101 597594129
391613741 685037585
678707846 708595463
